42

Alba
1
342376
197
5.24
500

Arad
2
430629
262
4.43
504

Arges
3
612431
145
2.17
700

Bacau
4
616168
228
2.29
340

Bihor
5
575398
370
5.25
643

Bistrita-Nasaud
6
286225
131
3.52
340

Botosani
7
412626
116
2.52
280

Brasov
8
549217
352
3.81
510

Braila
9
321212
68
1.69
190

Buzau
10
451069
143
1.76
300

Caras-Severin
11
295579
76
2.32
390

Calarasi
12
306691
213
1.52
670

Cluj
13
650000
485
6.15
1200

Constanta
14
610000
332
2.99
1019

Covasna
15
414591
193
3.38
600

Dambovita
16
460999
172
2.99
780

Dolj
17
600000
351
3.61
987

Galati
18
500984
164
1.77
498

Giurgiu
19
300000
74
1.8
209

Gorj
20
470981
45
1.74
400

Harghita
21
350111
85
2.72
200

Hunedoara
22
390000
245
2.86
900

Ialomita
23
340001
127
2.08
509

Iasi
24
600000
329
2.29
1100

Ilfov
25
400000
241
2.69
900

Maramures
26
567890
165
3.61
700

Mehedinti
27
249800
72
1.79
390

Mures
28
487200
296
4.18
824

Neamt
29
397900
144
2.27
800

Olt
30
421200
84
1.43
400

Prahova
31
680000
544
2.6
1340

Satu-Mare
32
245600
93
2.45
400

Salaj
33
386009
181
6.49
700

Sibiu
34
500000
472
5.31
1100

Suceava
35
400000
140
2.07
980

Teleorman
36
250000
3769
2.46
700

Timis
37
601000
362
5.88
1010

Tulcea
38
1773
74
1.38
400

Vaslui
39
5650
109
1.93
709

Valcea
40
480000
54
2.91
500

Vrancea
41
387300
97
1.37
890

Bucuresti
42
1900000
901
4.5
3500